 252 286 238 313 237 275 350 308 297 319
 274 237 271 302 271 295 283 268 288 235
 311 243 298 269 331 317 238 356 294 231
 293 295 240 306 258 315 329 304 280 254
 293 259 213 309 295 224 253 261 288 340
 301 287 268 257 190 255 336 248 317 282
 277 273 335 286 258 269 353 286 325 328
 261 274 249 244 290 272 264 316 345 258
 255 251 360 335 295 333 314 337 290 272
 290 327 328 308 290 326 350 294 280 309
 304 278 310 322 298 282 221 311 244 247
 278 282 315 254 265 301 312 215 296 275
 294 291 277 329 326 245 263 281 299 284
 309 252 297 274 286 259 278 276 288 338
 236 298 300 276 304 309 225 256 227 298
 358 287 322 292 308 215 240 231 286 353
 273 311 301 223 270 248 250 245 289 259
 287 306 285 266 319 314 275 305 303 292
 281 317 269 308 311 350 288 280 254 271
 297 356 265 288 336 331 345 284 250 301
