126291099912064957111333102981037510793
1236414489784410460105689589109799129
10268793410695109891085311929109009962
15310126121254011464997599571299413528
1150912149133991130511653126851057511791
115681138012872106291107610360109139627
128139921125361197011482136031046513455
1336810168122131142610778111101202111594
1510998861247711375954513908111069572
131381275692901244710892114831255514168
10704107181218294141187912850931411428
90911038710076114809432132801182712703
122121285412660134479898121321243412002
126881210110364128099790101621127010638
108201208211451105111337893551213110767
